NumElements=63
1 0 1 0 0
54 -1 1 0 0
58 -1 0 0 -1
60 0 0 0 1
59 0 1 0 1
63 -1 1 0 1
55 -1 1 0 1
56 -1 -1 0 -1
62 1 0 0 -1
2 0 0 0 -1
57 0 1 0 1
3 -1 0 1 1
61 0 1 -1 0
-1 -1 -1 0
33 1 1 -1 1
14 -1 0 -1 0
32 0 1 1 -1
31 -1 0 1 0
27 0 -1 1 1
13 1 -1 -1 1
26 1 1 -1 1
42 -1 1 0 0
25 -1 -1 0 1
24 1 1 -1 -1
41 -1 -1 0 -1
40 1 1 1 1
39 -1 0 0 1
11 0 0 -1 0
12 0 1 -1 1
51 -1 0 -1 1
22 0 1 0 -1
38 -1 0 -1 0
23 0 1 1 -1
20 -1 0 1 1
29 0 -1 -1 0
50 1 0 -1 0
28 0 1 0 0
4 -1 -1 -1 0
49 1 1 -1 -1
52 -1 0 1 1
15 0 -1 0 0
16 1 -1 1 -1
44 1 -1 -1 -1
43 1 0 0 -1
5 0 0 0 0
34 0 0 0 -1
45 0 -1 0 -1
17 1 -1 1 0
53 1 1 -1 0
46 -1 -1 0 1
18 1 0 1 -1
6 0 0 1 1
47 0 0 1 -1
48 0 0 0 0
7 0 1 1 0
35 -1 0 1 0
19 0 1 0 0
20 -1 -1 0 0
21 8 1 0 -1 0
36 0 0 1 0
9 0 -1 -1 0
10 1 0 1 0
37 0 0 0 0
